  0.11660971 -0.16531704 -0.11147886  0.02804827 -0.03565658  0.15882507
 -0.1006965  -0.15018617  0.0945521  -0.15698116 -0.0717461   0.08725059
 -0.15490246 -0.19428928  0.02088616 -0.16293302  0.10550473 -0.05731248
 -0.02755433  0.11588559 -0.1600369   0.06867377 -0.14774893  0.12440007
  0.04378017 -0.08029234  0.16142151 -0.11096495 -0.08719494  0.09895885
 -0.08893832 -0.09828085 -0.07874074 -0.05899643 -0.00055311 -0.11331073
  0.1530839  -0.04765546 -0.04258472  0.10456812 -0.17962073 -0.12382989
 -0.1482028   0.04783422  0.05723879 -0.06377759 -0.03426654  0.1310329
 -0.08243145 -0.03363689 -0.15035763  0.04408432 -0.20783992  0.06593879
 -0.12786739 -0.09995338  0.06244622  0.01480934  0.01551547  0.15590616
  0.11510749  0.07959525  0.18849176  0.13603543 -0.13887157  0.06528894
  0.0425639   0.08755685  0.04781822  0.00582949 -0.03582021 -0.04315469
 -0.17679347  0.00728404 -0.0401473   0.07177708 -0.1651947  -0.14916642
 -0.16079871 -0.10037152 -0.04862048 -0.1040121  -0.1859098   0.1311406
 -0.15634322 -0.18306278  0.03565216  0.05939874  0.13289747  0.16188668
  0.00841242  0.12829821 -0.11193263  0.03901375  0.01039214 -0.01652011
  0.1358689   0.12832895 -0.12419341 -0.12025773 -0.02173313 -0.16029938
 -0.13494886 -0.06946345  0.02950787 -0.05976355  0.13148919  0.01140192
 -0.11293438 -0.16100217 -0.08571299 -0.16335352 -0.15535861  0.14092664
  0.07761935  0.0072804   0.04714938  0.12906714 -0.0506768  -0.0650971
 -0.17325243 -0.07511543  0.11293767  0.07763308  0.04717536  0.0594041
  0.03781439 -0.00175436 
  0.16324747 -0.06215751 -0.02718032  0.11153212 -0.06376828 -0.06138288
 -0.15585603  0.02861284  0.16235378 -0.11788684 -0.01019702 -0.00203516
 -0.08720666  0.1580432  -0.13881662  0.00110913 -0.04768032  0.18916246
  0.09875242  0.05546568 -0.10029204  0.06799954 -0.14454308 -0.18699886
  0.1037141  -0.03183638  0.12438013 -0.07532348  0.07857523 -0.0972518
 -0.01029402  0.14258234 -0.12813906 -0.05452605  0.08781995  0.04774315
 -0.19284849  0.07421757  0.11928462  0.14434445 -0.11139816  0.05808903
  0.08335293  0.1108939  -0.19194594 -0.16498598  0.07148714  0.05320683
  0.20631362 -0.12028705  0.11093872  0.01681154  0.14287847  0.04233661
  0.1338023   0.16385202  0.12431484  0.021985    0.16258    -0.04616677
  0.03206591 -0.018649    0.05879158 -0.06078284  0.04217998 -0.03147352
 -0.16092049 -0.03012156  0.09022456 -0.04968924 -0.0431458   0.13538167
  0.10423255 -0.06045108  0.08673508  0.09928969 -0.01121899 -0.00028852
 -0.07150964  0.16414855 -0.01382269 -0.11058936  0.06889829 -0.05737533
  0.11174113  0.16300277 -0.19333814  0.1527057  -0.0756294   0.17169647
 -0.11745004  0.13489115  0.09272755 -0.1215134  -0.00154838  0.00838182
 -0.15770152  0.00275416 -0.0423232  -0.16101746  0.15462449  0.11647357
 -0.07371744 -0.00877805 -0.08200748  0.05843789 -0.1854818  -0.02634719
 -0.14320596 -0.16192828 -0.17905    -0.17359777 -0.10369877 -0.00431783
 -0.08623453 -0.0351122  -0.12492944  0.01125915 -0.11185356 -0.05327267
  0.02860354  0.12339401  0.05802241  0.02352543  0.09733836  0.05596737
 -0.00818855  0.05883309 
 -8.80861580e-02  7.37344697e-02 -2.67752912e-02 -1.53403819e-01
 -9.37061384e-02 -1.28796130e-01 -1.57710426e-02 -1.22227721e-04
  4.42480817e-02 -3.01972106e-02 -9.83280018e-02 -1.84068531e-01
  1.80411618e-02 -2.24465448e-02  6.90907065e-04  6.70048892e-02
 -9.34288055e-02  5.49919531e-02  1.59589648e-01  2.37934198e-02
 -1.23849779e-01 -1.83318600e-01 -1.99953258e-01  1.82957221e-02
  4.75065559e-02 -2.43609212e-02 -1.26046807e-01 -1.88376263e-01
  6.00766987e-02  1.22079579e-02  4.43503037e-02  7.92728513e-02
  6.81652948e-02 -5.23720011e-02  1.32999510e-01 -1.20264061e-01
  4.08533104e-02 -1.50822714e-01 -1.87812835e-01 -1.49097472e-01
 -1.78466350e-01  1.39399081e-01  5.65257370e-02 -7.45573267e-02
 -4.79248725e-02  1.08951390e-01 -1.49915859e-01  9.85795334e-02
  2.48467606e-02 -8.36124048e-02 -1.81762993e-01 -8.50126445e-02
 -2.09521517e-01 -9.63786840e-02  1.15198709e-01  7.00345412e-02
  1.32577941e-02 -2.09781826e-02  1.50506683e-02 -1.77006230e-01
 -1.27813786e-01 -1.07559420e-01 -5.92493005e-02  6.69201324e-03
  1.13401160e-01  6.93186149e-02  2.14244090e-02 -2.37626191e-02
  1.82079792e-01  2.83108447e-02  1.35980159e-01 -1.77456066e-01
  6.06030859e-02 -5.50545603e-02 -1.95578679e-01 -1.34412944e-01
 -1.24889545e-01  7.01258145e-03 -1.59941882e-01  1.33309305e-01
 -1.09547898e-01 -1.40503064e-01  7.08865374e-02 -8.57116133e-02
 -1.58569902e-01  1.69897065e-01 -7.69460499e-02 -4.70475741e-02
 -2.72246562e-02  4.21433523e-02 -2.05694169e-01 -4.51679975e-02
  1.61960721e-01 -2.57407725e-02 -6.47126138e-02  1.32450595e-01
 -1.81559920e-01 -3.63229890e-03 -3.25902365e-02  9.39427763e-02
 -1.53933698e-02 -3.28130946e-02  1.36920050e-01 -9.58603397e-02
 -6.70761093e-02  9.62298736e-02  6.81775957e-02 -2.67282035e-03
  3.14895399e-02 -1.36417793e-02  1.22039430e-01 -2.87553612e-02
  7.60680363e-02 -1.92095444e-01 -5.49875125e-02 -1.66853949e-01
 -3.68942432e-02 -1.84356377e-01  6.30755117e-03 -1.09145060e-01
  8.81230012e-02 -5.80674596e-02  5.48605658e-02  1.03200778e-01
 -7.24294558e-02  8.11640173e-02  1.54955491e-01 -1.83553040e-01 
 -0.07943211 -0.19318919 -0.08160695  0.04029352 -0.07015926  0.16617347
 -0.04229007 -0.01135735 -0.15169585 -0.045242    0.09940509 -0.16110753
  0.15981926 -0.07389738 -0.18325855  0.09624115  0.05960487  0.13708422
  0.13245884  0.12003716  0.12953457  0.17114173  0.01012868  0.15992858
  0.09909284  0.07178503 -0.0353329   0.16886804  0.1633636  -0.08712296
 -0.00636409 -0.17591563  0.1264882  -0.14287889  0.05723878  0.06345281
  0.08838747  0.09334568  0.08179653  0.14799505  0.16414024 -0.1177514
 -0.19155902 -0.05944182  0.10825131  0.07404651  0.0490756   0.12745857
 -0.04975404 -0.06907532 -0.15514967 -0.07762375 -0.03893044 -0.16958119
  0.01114247  0.13670968 -0.15190609  0.09107684 -0.09490357 -0.13313945
 -0.05230533 -0.10572166 -0.04268868 -0.03856763 -0.14573173  0.05830531
 -0.06928685 -0.12396448 -0.06681535 -0.10219941 -0.16376597 -0.16022153
  0.09953409  0.11528863  0.00021521  0.09904102  0.1229581   0.12463858
  0.14545588  0.04540697  0.18049398  0.19516894 -0.02297647  0.05271585
 -0.11968875 -0.03586939  0.01715329 -0.13908632  0.05713712 -0.04695695
 -0.15835112  0.10187569 -0.10312784  0.01929652 -0.00441603  0.11447144
  0.12627804 -0.19701111 -0.08901769 -0.20542154  0.06006339  0.1741412
 -0.15335149 -0.03023132 -0.12257607  0.07614546 -0.13963659  0.16267644
  0.14206357  0.01656643  0.09631623 -0.02129344  0.11444721 -0.01996905
 -0.1360528  -0.11173397  0.19154313  0.09101047  0.14083974 -0.15120476
 -0.02997719  0.02835515  0.08007543 -0.00189464  0.16392343  0.07222613
  0.04753958  0.06659869 
 -0.10136869  0.06751109  0.06707446  0.07352327 -0.199029   -0.06337534
 -0.07959995 -0.00107055 -0.00822752 -0.05076671 -0.16675773 -0.06862874
  0.16582869  0.09119905  0.02170428 -0.08353727 -0.19708525 -0.15577638
 -0.1896225  -0.05650759  0.17314138 -0.08067794  0.10447702 -0.16612123
  0.17149189  0.13174589 -0.07490419  0.17240915 -0.17749119  0.03562949
 -0.0948043  -0.14690009 -0.07909585 -0.0010863   0.05674464  0.06113448
 -0.19186027  0.1167797  -0.15313737 -0.1232402   0.08304336  0.11999611
  0.14563654  0.04624229 -0.18633936  0.16270442 -0.0369741  -0.11751939
 -0.07311636 -0.1165885   0.04324391 -0.17286323  0.12043477 -0.1151697
  0.09744568 -0.03546713 -0.19866562 -0.1059031  -0.18665124 -0.1770968
 -0.07519994 -0.07577248 -0.06661947  0.05299469 -0.01713118  0.08207076
 -0.004458    0.10694712 -0.15574461 -0.05945107 -0.09324569  0.11088185
  0.01671637  0.17258662 -0.02145124 -0.0679047   0.02681971 -0.06459775
 -0.1002606  -0.0107424  -0.15636958 -0.02761677 -0.1906539   0.00073397
  0.03398752 -0.10272335 -0.18853448 -0.00485291  0.16027334  0.07294822
  0.05095704 -0.14348942 -0.02589724  0.03707885  0.0331809  -0.01128223
  0.13433051 -0.09114334  0.00298008  0.01402807  0.05203444 -0.05775419
 -0.07522981 -0.11939211 -0.12829122  0.18193753 -0.1244012  -0.05875948
 -0.12108471 -0.05531725 -0.04142486  0.0468428  -0.05859371  0.09232696
  0.1508962  -0.08392679  0.1598337  -0.17894427 -0.00306594  0.152953
  0.08643503 -0.18212791  0.11445619 -0.13617453 -0.06552192 -0.00265522
 -0.13739152  0.13761064 
 -0.14476451 -0.05535332 -0.14521617 -0.11001746 -0.06141739  0.01702568
  0.1068982   0.06129359  0.14715628 -0.00436423  0.02645398  0.04678516
  0.13311109  0.05635616  0.05377004 -0.14688697 -0.07342695  0.06957893
 -0.15892334  0.06562314  0.12739919 -0.14859214  0.09563012 -0.0890415
 -0.05515269  0.02160101  0.04425722  0.00699013  0.09222484 -0.00637121
  0.16506252 -0.07686768 -0.00554723 -0.01072706  0.06821539  0.06426823
 -0.01215436 -0.15423638 -0.205507   -0.05315577 -0.09751415 -0.05173635
  0.0928049   0.07240839 -0.04380377 -0.01856257  0.00748061  0.10045009
 -0.03628385 -0.00903144 -0.08664004  0.12285498 -0.05775661  0.1758993
 -0.09328372  0.06225959 -0.04031327 -0.1738458   0.09629267 -0.0599617
 -0.01162773  0.08773749  0.02320591  0.16295542  0.14393581 -0.17287052
  0.11406529 -0.03392531  0.11842432  0.15197405 -0.04404368 -0.18367961
 -0.04404208 -0.1810121   0.12780537 -0.03943606 -0.04929304  0.08383781
  0.04650231 -0.1936706  -0.16884142  0.05398358  0.01746375 -0.04866356
 -0.16595803 -0.15342656 -0.09318961 -0.15596393 -0.10923678 -0.02729811
 -0.15671907  0.09698402  0.0326924  -0.13247639  0.09461186  0.0538266
  0.08202936  0.00185569 -0.08228924 -0.0785266   0.13642658 -0.16345823
  0.14689443  0.04145633  0.16952421  0.10599548  0.08588266  0.08285496
 -0.01629576  0.12298805 -0.03198525 -0.12165695 -0.1778275  -0.09896121
  0.14156526 -0.08428193 -0.00322926 -0.15944663 -0.16932796 -0.07378213
 -0.13590527 -0.04686891  0.18288772 -0.06141879 -0.11697359 -0.12733768
 -0.03697117 -0.12400501 
 -0.03398001  0.00137612 -0.0237719   0.02556545  0.02211219  0.15014824
  0.09631107  0.15055373 -0.00300358 -0.00585868  0.17628936 -0.0994347
  0.11071046 -0.1992392   0.06661134  0.08446646 -0.11129932 -0.0179354
  0.07262058 -0.09451822  0.13571261  0.17124523  0.01004729 -0.02377022
 -0.12808102  0.17802754  0.11336506 -0.08076975 -0.18147205  0.17095944
  0.11305003  0.15919726  0.14422429  0.10654459 -0.160169   -0.13293292
 -0.143453    0.05830093 -0.14881736 -0.08779012  0.01120311  0.00653712
 -0.14689025 -0.00529399  0.0283725  -0.1585767  -0.12602274  0.10753771
 -0.15932159 -0.09398258 -0.0679083  -0.18320756 -0.18225887  0.01239282
  0.02305608  0.16122699  0.00036128 -0.1160975   0.01402428 -0.02524579
 -0.1256064   0.00921515  0.01209348 -0.17466182  0.20247777 -0.17541811
 -0.08489111  0.05376888  0.12993649  0.17140621 -0.17136993  0.06083649
 -0.04656738 -0.0487638   0.13154991  0.09370362  0.13626768  0.06817421
 -0.20435569 -0.16258313 -0.01237302  0.0559258  -0.07109094  0.13143048
  0.00279595  0.08234083 -0.18208699 -0.09072267 -0.05745379 -0.0470872
 -0.161435   -0.04497255 -0.03675627 -0.00104299  0.10989036 -0.09206011
  0.0514495  -0.08241051  0.02320725 -0.19870886 -0.00774252 -0.02877806
 -0.13827562  0.17382261  0.10917818 -0.14792427 -0.0438928  -0.08750858
  0.04269948  0.04294437 -0.06699461  0.07582123 -0.12607767 -0.12530161
 -0.10218504  0.00989341  0.03449283 -0.06320099 -0.0300914  -0.01032424
 -0.19697058 -0.12885354 -0.09023844 -0.03549818 -0.11928182  0.09381651
  0.14843598  0.16164212 
 -0.06163843 -0.06530304 -0.16437179  0.07582567  0.00438789  0.16788206
  0.05459298 -0.13682891  0.01025274 -0.1642085   0.03277849 -0.02803413
 -0.16618721  0.06211827 -0.04189989  0.06099975 -0.07554887 -0.15876515
 -0.09755319  0.04719616  0.00539144  0.07159966 -0.18380845  0.07814316
 -0.10706616 -0.13650987  0.08295576 -0.1013096  -0.08069219  0.16935374
  0.20265453  0.12065247  0.02389807  0.03372639 -0.06966846 -0.09526832
  0.05648593  0.05186437  0.11201091 -0.01604792  0.13649197 -0.1289195
 -0.05177945  0.10373956  0.07989459  0.05537388 -0.09469977 -0.07579333
 -0.03776376  0.11640441 -0.13352196  0.0414464  -0.02829106 -0.05110276
 -0.16073254  0.06784691  0.03297324 -0.10744812  0.03984769 -0.14926663
 -0.12801509  0.11653812  0.01255828 -0.04971605 -0.08231603  0.11182982
 -0.16720735  0.1648827   0.15735857 -0.06151933 -0.00218627 -0.14746848
  0.09344691  0.16736804 -0.15310267  0.03593868 -0.08118594 -0.1391214
  0.05794271  0.10583899 -0.06221587  0.01194603  0.1042807   0.17978486
  0.10330458  0.10598709  0.09036738 -0.05261149  0.02402171  0.05221203
  0.04942861 -0.22458984 -0.08476039  0.10232487  0.17900592 -0.09145356
  0.1325962   0.15677449 -0.03255356  0.11472098  0.18977092 -0.07596729
 -0.19042432  0.00959071  0.1354367  -0.11466527 -0.06232551  0.14907245
  0.11783179 -0.18994929  0.12983096 -0.16147558  0.03594137 -0.12654561
  0.11828101 -0.19968528 -0.14650932 -0.12373828 -0.03013838 -0.00323551
  0.09322768 -0.11319488  0.15547669 -0.05985397 -0.05705129 -0.04946938
 -0.00181872 -0.04424053 
 -0.01805444 -0.00873593 -0.20348938 -0.10200416 -0.12676746 -0.12187009
  0.11453329 -0.10126796 -0.09890408 -0.0113835   0.00489547  0.1768163
 -0.10241245  0.08545479  0.06795606  0.00334287 -0.17223673  0.07151718
  0.10396327 -0.00221023  0.1189706   0.11078341 -0.11617208  0.01764205
  0.11907925 -0.10038752  0.04360936  0.0285549   0.13809548  0.16256732
  0.04413676  0.15418223 -0.17360723  0.07498258 -0.13814203 -0.10659281
  0.14179258  0.0659532  -0.1189249   0.00956237  0.07888675  0.10897113
 -0.05303569 -0.09621117 -0.07645245 -0.09403892  0.13043255  0.03407412
  0.13442387  0.06006528 -0.15264557 -0.01928334  0.10261988  0.08186653
  0.13910547 -0.184317   -0.09647784 -0.00907429  0.07737492  0.11214874
 -0.04450428  0.21257266 -0.0372886   0.02040378  0.1111176   0.06862706
 -0.07842833 -0.15536349 -0.04216935  0.01396569 -0.16654848 -0.17755137
  0.10354843 -0.04791254  0.15054499  0.11743136 -0.06441117 -0.00637593
 -0.08940083 -0.08048245  0.16012375 -0.11857975 -0.01955705 -0.15446928
 -0.05378253  0.17905247 -0.11080898  0.0287007  -0.10024415  0.18604285
 -0.16581993 -0.20550932 -0.0929689   0.04906568  0.0198368   0.0187866
  0.01398975  0.08576375  0.12009074 -0.02785745  0.02209448 -0.07433101
  0.06728774  0.07445104  0.16640592  0.04070328 -0.04773896 -0.00709456
  0.09895375 -0.05514078  0.14184517 -0.01568351  0.01301885 -0.14686377
 -0.07352287  0.00217812  0.08816095 -0.17886706 -0.1818567  -0.11128453
 -0.16987185 -0.03188557 -0.01269675  0.11689696 -0.10797875 -0.06893792
  0.14896876  0.04667391 
 -0.19172405  0.18561931 -0.17209858 -0.12836243 -0.14733502  0.09599368
  0.0011049   0.09531173  0.09522761 -0.20021118 -0.02456535 -0.05769311
 -0.08737885 -0.13732609 -0.1596337  -0.05702654 -0.07230553  0.11233342
  0.07400447 -0.16172712 -0.17795841 -0.10957323 -0.14327656  0.01633545
 -0.13853274 -0.05876973 -0.14354679  0.12130276 -0.17491223 -0.14314477
  0.17889845  0.10810532 -0.00944929  0.0219889   0.15937063  0.08232038
 -0.13485302 -0.14108701 -0.15444042 -0.19846694  0.01799222 -0.06456067
  0.03395311 -0.00968126 -0.15553342 -0.15674913  0.02377292 -0.1480554
 -0.05358344  0.17332706  0.06282509 -0.10107435  0.15792075  0.11909042
  0.1766803  -0.09784687 -0.17622885  0.01132851  0.16459721  0.0850912
  0.11303162  0.08832884  0.19133341  0.08790339 -0.09149674 -0.10019537
  0.14791404 -0.13522781 -0.02522249  0.15129656 -0.14274995 -0.0140127
  0.12512036 -0.1434626  -0.07143541  0.16514888 -0.19856566  0.17387234
 -0.17204426  0.03867334 -0.06829193 -0.06908792 -0.1846001   0.08343742
 -0.07090823 -0.1574344   0.13538104 -0.16770479  0.11055448  0.08677409
  0.09769733 -0.13066123  0.11956916  0.22668643 -0.01559664  0.05513732
  0.05192499  0.02502552  0.08562314 -0.20477046 -0.06724238 -0.15710358
 -0.08410296 -0.12795243 -0.13731693  0.13718738  0.0211758   0.00395643
  0.14640422  0.00102165 -0.00161625  0.08470929  0.12316947 -0.03113635
 -0.00511056  0.02295187 -0.02665997 -0.17697196 -0.16783889  0.07256562
  0.01904635  0.07383113 -0.08231361  0.17196588 -0.02020991  0.06660616
 -0.16952407  0.06891634 
 -0.0043055  -0.16316882  0.02438744 -0.16131012  0.03343548  0.02950906
 -0.13430409  0.08979597  0.09802961 -0.18525878  0.16183385 -0.1733474
  0.05073183  0.13642171 -0.13455026 -0.11987798 -0.09959199  0.11861783
 -0.06379415  0.00257038  0.16201837  0.12007475 -0.17058219 -0.12410972
  0.04149577 -0.10963562  0.00197046 -0.18847997  0.03306368 -0.03340644
  0.0429234  -0.03863275  0.09984116  0.08003541  0.09774173 -0.17288277
 -0.03931787  0.00729043  0.12488681 -0.04259472  0.06505775 -0.12201876
 -0.07144404 -0.11298294  0.03888765 -0.04411053  0.13867606  0.16588692
  0.11537953 -0.14027601 -0.03647732 -0.09485704  0.0014998  -0.1726723
 -0.04045895 -0.1797764   0.12297702  0.03988985 -0.11267636  0.0299406
  0.15703587 -0.03097175  0.00942613 -0.13427296  0.13034104 -0.13813652
  0.15288581 -0.16081886 -0.00566272 -0.13134797  0.16799724 -0.20280656
 -0.19299126  0.01968331  0.13658878 -0.14589445 -0.11108844  0.07564077
 -0.00220217  0.17228685  0.17392328  0.08471985  0.09573984  0.08215525
  0.13107558  0.11078601 -0.07669036  0.14897619 -0.04412676  0.12299316
 -0.133908    0.00414335 -0.11112018  0.16936663  0.02451092  0.07228376
 -0.17390196  0.1659945  -0.01040409 -0.01388308  0.07145742  0.09215035
 -0.18743764 -0.15055743 -0.12615013 -0.14204124 -0.01810951  0.15752468
 -0.19217657 -0.12171807 -0.10831326 -0.08053584 -0.00576703 -0.00560846
 -0.1898728   0.02512777 -0.15220918 -0.20004083 -0.00898441 -0.12930848
  0.08028961  0.04372561 -0.00058694 -0.15543604 -0.18314694  0.07283732
  0.1494382  -0.16023287 
  0.1653676   0.06807638  0.03647028 -0.09577803 -0.19769935 -0.18326549
  0.13899244 -0.07481757  0.12543996 -0.13993402  0.17996107  0.03796678
  0.06761564  0.03701387  0.17901371  0.09752463 -0.18949497 -0.15975839
  0.07642326  0.1530721   0.00549499 -0.18079399 -0.06472293  0.0480885
  0.1781272   0.14251244  0.01357457  0.03808688 -0.08606037  0.15968825
  0.11785626  0.06149331 -0.02318563  0.02526943 -0.0102316   0.09394299
 -0.19054714 -0.00879515  0.03759474  0.06579543  0.14076892  0.06628294
  0.05287606 -0.04863971  0.12448567 -0.04977981 -0.05773411 -0.08486813
 -0.05366645 -0.14674611 -0.14666645  0.0599966  -0.19375578 -0.00040075
 -0.05139847 -0.05049852  0.10949825  0.13942364  0.02360692 -0.19129838
  0.07706151  0.20265256 -0.01670884 -0.16037542  0.12170066  0.08442692
 -0.05355363  0.02742226  0.15213652 -0.13573453 -0.03882455 -0.13435087
 -0.19917019 -0.09033854  0.15406269  0.11410873  0.10566792 -0.08595172
  0.10705765 -0.08616581  0.05668599  0.16608243  0.01859563 -0.1279701
  0.14109784  0.0348772   0.10832492 -0.18633603 -0.10386387 -0.05529324
 -0.17952263 -0.12330893  0.20771538  0.06675298  0.00281006  0.00973832
 -0.125522    0.04334601 -0.08044028  0.12343898 -0.15023537 -0.05629238
 -0.01453817  0.1172189  -0.12505557 -0.00493416 -0.12514031 -0.116946
 -0.01924977 -0.18763727 -0.06658678  0.06868596  0.0575348  -0.12108816
  0.01391039  0.14030616  0.15881628  0.09185541  0.09019406 -0.00820277
 -0.19328229 -0.16011797  0.0338196  -0.19436876  0.14474678  0.10104407
  0.16591676 -0.02800025 
 -0.09610815  0.12693231  0.05612788  0.12406825 -0.16819999  0.05315519
  0.04657062 -0.04311496  0.05410992 -0.05321452  0.13033317  0.02495477
  0.06263754  0.1155683  -0.04779369  0.1556279  -0.06761912 -0.10290174
  0.07896564  0.12547922 -0.09028051 -0.01511121 -0.17967638  0.07371641
 -0.1467852   0.05996854 -0.19533302  0.09526974 -0.02567013 -0.10660905
 -0.13986175 -0.01841315  0.06728486  0.13956219 -0.07733186 -0.05309328
  0.12790537  0.14489453 -0.08862033 -0.08941926 -0.0555867   0.11150341
 -0.19300506 -0.14491239  0.15010275 -0.07654499  0.10245407 -0.15475735
  0.09323784 -0.06584535  0.13653737  0.03810128  0.11444517  0.0496776
  0.18226644 -0.18960245  0.15357125 -0.00937639 -0.1697547   0.043785
 -0.09253545 -0.05071552  0.15289325 -0.2017595  -0.05519867 -0.17958912
 -0.13327914 -0.1924288   0.15642747  0.04472603  0.1458616   0.05123542
  0.14026275  0.11824173  0.04158839  0.15355183 -0.08365568  0.12558351
 -0.06027704  0.01647555  0.17062554 -0.0175426  -0.18758595  0.15473905
  0.16477793  0.1300542   0.08076368  0.15512128 -0.12146489 -0.0359364
 -0.15399227 -0.17019208 -0.10138414  0.00963283  0.08745785  0.17034076
  0.00688636 -0.00234483  0.14993711  0.00985833  0.16455217  0.05056763
 -0.1766761   0.09553077 -0.14362815 -0.02534511 -0.14095809 -0.04209056
  0.15158732  0.17763986 -0.14837031  0.07016081 -0.02037201  0.10751866
 -0.05866072 -0.04741402 -0.11648815  0.08260091 -0.18001343  0.0303009
 -0.21926402 -0.04737103  0.02042873  0.15605618  0.11028162 -0.17823152
 -0.11420778 -0.08726104 
 -0.05705823 -0.02954253  0.08578239 -0.14801554  0.16013074  0.06793946
 -0.16132292  0.06697864 -0.06389873 -0.03060328  0.18626407  0.09919047
 -0.18414561 -0.13476403  0.00076497  0.15678358 -0.06305642  0.15346535
 -0.09900298 -0.11488162  0.00872388 -0.00431293 -0.04640578  0.13216631
  0.19009018  0.15006334 -0.02742876  0.08338087 -0.14678907  0.03268407
  0.05332559 -0.04373345 -0.03312669  0.13018659  0.15400986  0.12098214
  0.17686766 -0.00144971  0.03139076 -0.00488926 -0.20028731  0.10589544
  0.03226757 -0.10806554 -0.08828403 -0.0476025   0.08248685 -0.0366957
 -0.10005801  0.17754179  0.08641107 -0.14251383 -0.11919896  0.07422467
  0.10734595 -0.14322992 -0.05719974 -0.06963237 -0.06800289 -0.11081254
 -0.13130337  0.00872403  0.01735607 -0.12924384 -0.03888314 -0.15524946
 -0.19067468  0.13929008 -0.11437459  0.17969172  0.10984155  0.10971667
  0.00305317  0.027767    0.06324469 -0.07492761 -0.1611084  -0.02827448
  0.04910963  0.10889068 -0.06538813 -0.07251777 -0.02096189 -0.0497796
  0.16506523  0.17572698  0.1332144  -0.15018767 -0.06684655  0.04893484
 -0.01584601 -0.03095251 -0.08476736 -0.07649963 -0.00308947  0.09646393
 -0.03132748  0.0795678   0.12685446  0.12620007  0.03662481 -0.03087741
  0.0131022   0.11108336  0.08961217  0.1830675  -0.0144831   0.16841799
  0.1512629  -0.12691727  0.04655343 -0.11731008  0.13290444  0.08249525
 -0.16187233  0.01686957  0.19889781 -0.13778208 -0.1466947  -0.07839014
  0.09989069  0.02810021  0.05332006 -0.09310602 -0.1149084  -0.10514092
 -0.0715285  -0.05997048 
 -0.01832513  0.10668695 -0.03417113 -0.12379243  0.16816212 -0.03221465
  0.12496265 -0.09161733  0.22109097  0.08308903  0.01319369  0.10800257
  0.0082307   0.08705797  0.04822301 -0.03938629 -0.11342269 -0.06514627
  0.11328974 -0.09530403 -0.08231035 -0.05239979  0.03399324  0.14882365
  0.00288175 -0.10028663 -0.0636882  -0.18070272 -0.03828918 -0.06763916
  0.02055425 -0.13455941  0.16381745 -0.06637046 -0.02622984 -0.19580066
  0.15135211 -0.17178483 -0.04272746  0.15104252 -0.10610916 -0.17503385
 -0.02779133 -0.05004063  0.09771658 -0.1385335   0.01845703 -0.0856047
  0.14627828  0.16917183 -0.08070251  0.09640516  0.02447798  0.13653345
 -0.16971505  0.1198498  -0.19730845  0.12060337  0.04702916  0.00541977
  0.02668374  0.02361139  0.23619217  0.02531991 -0.04601789  0.05052912
  0.15920518 -0.07948539  0.03199061  0.02098049 -0.18290788  0.05036723
 -0.14187023  0.16992286 -0.2012951  -0.08600986 -0.05243229 -0.10815015
 -0.18994905 -0.03882591  0.09718417  0.20849738 -0.07771268  0.00482097
 -0.19948007  0.05409334  0.14601678 -0.11533877  0.17005873  0.11296345
  0.15445034 -0.08570276  0.18478332 -0.10088596  0.03527069  0.15157512
 -0.12557319 -0.0291446   0.12511861 -0.07457921 -0.0550785  -0.07518039
 -0.06379839  0.14205565 -0.05527607  0.1333669  -0.06227155  0.14085612
 -0.08271991  0.10981414  0.07663933  0.15441045  0.07364526  0.04108569
 -0.1629252  -0.02609671 -0.16211623  0.16704075 -0.09838644 -0.18429796
  0.04316803  0.03505747  0.05055359 -0.17336397 -0.05370336 -0.16082719
 -0.04051208 -0.07998615 
  0.05752958  0.04849334  0.02657234  0.11272381  0.1668663   0.03069058
 -0.07132681  0.09921721 -0.09232658  0.10904135  0.17955773  0.04241174
 -0.14173402  0.08910409  0.01591482  0.02701254  0.0738927   0.11992783
 -0.1815695   0.14711973  0.11100439  0.0733323   0.09109838 -0.10099056
 -0.12917194 -0.0034999  -0.12363654 -0.15150039  0.13576917 -0.15434627
 -0.01333789  0.11925231 -0.19590853  0.0237206   0.07714165 -0.14638266
  0.13945302  0.02922299 -0.00122672  0.05663646  0.02521298  0.17019677
  0.07746319  0.05939421 -0.07586329 -0.1524864  -0.03361366 -0.17050634
  0.00675119 -0.03205626 -0.06521721 -0.0539015  -0.05409921 -0.186048
 -0.01672294  0.02162974  0.10999047  0.09533191  0.15950601 -0.13804828
 -0.1123033   0.18986149  0.11396008  0.03047063 -0.15227114 -0.03633901
  0.12419309 -0.08770648 -0.11426146  0.07624636 -0.00415755 -0.19330624
 -0.10681918  0.07792113 -0.01550281  0.06299232 -0.08841755 -0.03271539
 -0.02618296 -0.00275439 -0.03439338 -0.13666196  0.00979823 -0.04616723
  0.1136893  -0.11195904  0.01349922 -0.05189741 -0.17503113  0.09879313
 -0.08429858 -0.05316555 -0.10795739 -0.02612102 -0.03835426 -0.05029592
  0.06263824 -0.01924853 -0.02146204 -0.06799824 -0.15141216 -0.12177573
 -0.10370084 -0.14820388  0.1469479   0.07384963  0.06183879 -0.01967257
  0.01767012  0.15689732  0.15803018  0.11269874  0.01012945 -0.00637377
 -0.06614333 -0.19975814  0.08264331 -0.06708362 -0.18722652 -0.00697276
  0.09605528  0.21523058 -0.15672967  0.11657361 -0.1890569   0.0669514
 -0.06349045 -0.16882932 
 -0.17804115 -0.11454784  0.03969254  0.00615979 -0.05942841 -0.15012605
 -0.13680647 -0.05562097  0.1028558  -0.19963244 -0.10598077  0.11953843
 -0.00660764 -0.07217195 -0.1829766  -0.14471658 -0.07793093 -0.16140544
 -0.06005261  0.17572643 -0.06487066  0.03633602  0.10414019 -0.18385367
 -0.12366714  0.10622418  0.13688691 -0.00865794 -0.16488524  0.14750156
  0.09412722 -0.09341286  0.12538959 -0.03349962 -0.04714067  0.14667414
  0.0727994   0.11832987 -0.11187144 -0.14921509 -0.0310058   0.13767597
  0.00377677 -0.04305435 -0.03433502  0.03564207 -0.10406329  0.12189081
  0.15223646  0.15130766  0.04687997  0.13636655  0.00899113  0.12788588
  0.15378843  0.16943568  0.01872968  0.120868   -0.00223887 -0.05250025
 -0.02742133 -0.02014832 -0.00658103  0.14966641  0.03903852  0.10379065
 -0.17297025  0.03009523 -0.03124549  0.16919939  0.15588294  0.0218967
 -0.13070248 -0.01058217  0.06538917 -0.15283717 -0.05222922 -0.08294746
 -0.11755561  0.01862695 -0.09952144  0.05388291 -0.05847609  0.17035006
  0.14178227  0.05448812 -0.07022794 -0.03958973 -0.18520807 -0.1349609
  0.05086825  0.1607428   0.15601522  0.00591901 -0.01360867 -0.1711723
 -0.12514535 -0.00447947  0.13742715  0.13631755  0.16358    -0.05644801
  0.03756233 -0.08886702 -0.0488959   0.13377549  0.09959    -0.12098914
  0.06253516  0.07350443 -0.10742173  0.11370079  0.05220911 -0.16822207
 -0.04353379  0.10693054  0.09955873 -0.08650568  0.0808915  -0.1484775
  0.08873479  0.16551326 -0.14848904 -0.12771042  0.07258946 -0.06994049
 -0.02029007 -0.11306103 
  0.174084   -0.09129037 -0.20074445 -0.02599632  0.14822528  0.12231923
 -0.03047553 -0.18357721 -0.12415563 -0.06336007 -0.09567029 -0.01774888
 -0.17688084  0.03314926 -0.00181086  0.00471578  0.10341777 -0.12535782
  0.12606382 -0.13910078  0.13208306 -0.1822384   0.12336843 -0.06377684
  0.14719029 -0.01627915 -0.02483145 -0.12217306  0.01712861  0.13353984
 -0.19661172 -0.05871105  0.16341509 -0.09526595  0.17954767 -0.05927334
  0.11412873  0.04384246  0.08084304 -0.04844514 -0.08259624 -0.13287723
 -0.10423276 -0.00134906 -0.13831444  0.07724155  0.0204531   0.01872278
  0.03789164 -0.03888415  0.10972216 -0.18413995 -0.0929566   0.14375785
  0.15684015 -0.18196295  0.02606881  0.03972577  0.13924885 -0.1895951
 -0.06024608  0.13018164  0.09963703  0.11216024  0.16316055  0.10280675
 -0.15753727 -0.07906746 -0.11834298  0.03755193  0.01532548  0.09587774
 -0.03429969  0.15823708  0.03656868  0.02647769 -0.02956487 -0.1794853
  0.04660905 -0.0797708   0.12428095 -0.11716802  0.03421842 -0.18310465
 -0.16587561  0.03145429  0.05897873 -0.11929517  0.01011178  0.09519239
  0.07834334 -0.06004457  0.05734007  0.18956934  0.01196722  0.02708306
 -0.0999869  -0.09514681 -0.00203417  0.089595   -0.13877974  0.17781112
  0.17393224 -0.10678567  0.06260213  0.03414856  0.13121839  0.02410258
 -0.13718009 -0.04989287  0.02129204  0.10961154  0.0907352   0.13431744
  0.02743296 -0.12984243  0.15037288  0.0597568  -0.08241092  0.16536386
  0.13898881 -0.09392402 -0.08613708  0.06044062  0.03606568  0.11324513
  0.10190607  0.07257193 
  0.04063538 -0.0792488  -0.02778411 -0.0881101   0.09014804  0.12470213
 -0.14574748  0.01002076  0.07066625 -0.11931312 -0.17113099 -0.01426657
  0.00878717 -0.1671814  -0.09814218 -0.03582258 -0.16486394  0.03590557
 -0.0224879   0.09523657  0.06186066 -0.1266968   0.07120994 -0.16784212
  0.15074007 -0.10999209  0.10293038 -0.18466462  0.1001661  -0.00118836
 -0.07620035 -0.00218873 -0.14026953 -0.12242609 -0.02658723  0.17270106
  0.16475634 -0.00241591 -0.08560169 -0.13379316  0.14051634 -0.04907837
 -0.16868834  0.04294863  0.07026531 -0.00336137  0.13943301 -0.04157773
  0.11761408 -0.18083957 -0.16073719  0.11422439 -0.16258554  0.00398854
 -0.05555956  0.04172239 -0.21140122  0.07704074 -0.14306942 -0.06105168
  0.0940019   0.05687083  0.06241173 -0.0458991  -0.12853552  0.04824954
 -0.03674022  0.03274393 -0.02012377  0.21671721  0.12329899 -0.18353902
  0.12751682  0.15781014 -0.13639025  0.16081078 -0.08369046 -0.12443884
  0.09507432  0.12597899  0.12735744 -0.06822658 -0.00712431 -0.0431931
  0.10109924  0.02674042 -0.0788926   0.03162972 -0.141778    0.19051158
 -0.12201417 -0.10810424  0.13548055  0.07440359 -0.07552288 -0.05804725
 -0.01487152 -0.1830764   0.0794046   0.10355608  0.15893447 -0.04061554
 -0.03175784 -0.00502277 -0.02846759 -0.1236505   0.17561947  0.16531788
 -0.13482201  0.13439688  0.09649467 -0.00195851  0.1654325  -0.1459009
  0.04903466  0.10110032  0.09579476  0.04178968 -0.01751486  0.15631253
 -0.1654758   0.03963841  0.17101815 -0.18226276 -0.20281714 -0.07941709
  0.06451906  0.00866692 
 -0.06757686  0.14789662  0.12865503 -0.18287982 -0.14024413 -0.12377703
  0.0668877  -0.06320468  0.09882291 -0.02367177  0.03932571  0.17694692
 -0.03360255  0.11770294 -0.01339143  0.03477106  0.1457145   0.19636224
  0.02330787 -0.01829279 -0.13621259  0.03680136 -0.02307719  0.1390245
 -0.11508658  0.16618004  0.00869212 -0.05073459  0.02725855 -0.03154999
 -0.19212924  0.10214142  0.01360707  0.04164656 -0.04147738  0.15390693
  0.14164215  0.07986423  0.06497145  0.01809178 -0.0125936   0.04374273
 -0.0667771   0.04650526 -0.02641244  0.12198026 -0.01913929  0.1204989
 -0.0585411  -0.0718033  -0.11220004 -0.02272117  0.02455922  0.08219153
  0.02109048 -0.1575731   0.12509044 -0.00964851 -0.10927381  0.08979423
  0.01658886  0.03809702  0.15621935 -0.02649417 -0.09260999 -0.12234872
  0.07135804 -0.02240346  0.00112287 -0.04464291 -0.07749183 -0.06348184
  0.0435375   0.1616785   0.11522391 -0.10214566 -0.01162238 -0.1637612
 -0.14781044  0.11248888  0.06092437  0.04475539 -0.16357876  0.14712298
  0.12279216  0.13146794 -0.16137941  0.09853768  0.11063287  0.09614381
 -0.19463284 -0.1318232   0.19134544 -0.02633715 -0.00934004 -0.00241782
 -0.06823087 -0.12432497 -0.06551032 -0.15178986 -0.05513991  0.0088947
 -0.11556028  0.12750287 -0.07654645  0.07545045 -0.14633155  0.04904806
 -0.19803058 -0.04203571  0.09023601 -0.17119573 -0.11166219  0.09250301
 -0.06543773 -0.09658131  0.01445203  0.16219139 -0.10165478  0.16882223
 -0.19277214 -0.12230906  0.19915451  0.14615554  0.11267815 -0.08499003
  0.05981207 -0.06265248 
 -0.139474   -0.05477867 -0.02112084  0.04415916 -0.08203673 -0.17895243
 -0.09428762 -0.02582936  0.08034393  0.14093433 -0.17495784 -0.0937654
  0.00483687  0.05865025 -0.04361771 -0.07266246  0.1762438  -0.14224578
 -0.11583179 -0.06373189 -0.12917985  0.16258033  0.14502348 -0.01282414
 -0.05361882 -0.0950808  -0.02357005  0.13495156  0.02006317 -0.12389986
 -0.01939426 -0.20748684  0.06240875  0.1449477   0.03796712  0.13593909
  0.10128134  0.00503456  0.04659276 -0.05326412 -0.10207042 -0.03071018
 -0.11198213 -0.1511026   0.03118471 -0.17979807 -0.0993873   0.16963391
 -0.00481388  0.09095807  0.01025607 -0.17988461 -0.10490648  0.10340091
 -0.19884464 -0.01809306  0.15559563 -0.1178497  -0.11783482 -0.12291459
  0.10779324 -0.07105     0.15429603  0.08912894  0.12338745  0.07938044
  0.02837676  0.07451139 -0.13530934 -0.11972807 -0.07652915 -0.18850343
 -0.04135687  0.14694272  0.11741946  0.14028955  0.13092771  0.11356059
 -0.00872476 -0.18690975  0.14041059  0.14462721 -0.17243089 -0.01542153
  0.0139537  -0.02624654 -0.16020854  0.05223384 -0.11810952  0.176127
  0.10868807 -0.15591466 -0.00854472  0.13208322  0.04445313 -0.11698779
 -0.00264581  0.00724476 -0.00248726 -0.17380284 -0.09332239  0.15409674
  0.02563485  0.1235413  -0.15770297  0.08023657  0.08906429 -0.10419131
 -0.18684693  0.16455981 -0.18101843  0.17648402 -0.04474075  0.1756667
  0.1562411  -0.03976947  0.17013763  0.11445512 -0.14303821 -0.18409733
  0.11710653 -0.08327308  0.17968804 -0.19571516 -0.05488541 -0.08285656
  0.11605679 -0.09455982 
  0.01515297 -0.11182303  0.09202103 -0.19149315 -0.0880997   0.10358268
 -0.04688867  0.13703439  0.09273604 -0.14495005  0.13791084  0.17322916
  0.15295109  0.07831876  0.18060833  0.06158488 -0.18883304 -0.14539129
  0.07368619 -0.04305176  0.07083564 -0.10521956 -0.12129925 -0.12239371
 -0.13833159 -0.10718171 -0.09185793 -0.15439059  0.10277237 -0.02090896
 -0.16478655  0.08993594 -0.10121873  0.01317766 -0.16099872 -0.08595715
 -0.11279753 -0.1216765  -0.09834922 -0.0259598   0.14978978  0.08609454
  0.11272133  0.12801686 -0.09145334 -0.11341536 -0.05663962 -0.13512866
  0.18769577 -0.04726951  0.01909033  0.02040775  0.00940436  0.11721698
 -0.04350186  0.1031523  -0.08492181 -0.00103806  0.15325606 -0.11957093
 -0.16752224 -0.10217739  0.07334767 -0.02703146 -0.08753888  0.11843342
  0.00094658  0.13095164 -0.07431892 -0.08950407  0.13383439 -0.01535397
 -0.06087086 -0.18186308 -0.17257683  0.15963809 -0.11674611 -0.06629043
  0.06962126 -0.05999965  0.12325551  0.05559183  0.02548703  0.02338147
 -0.02476497  0.15243606  0.14702909  0.04720385  0.03089757 -0.11764856
  0.14065136 -0.18577608  0.02005857  0.1200556   0.17752437  0.0494033
 -0.12099165 -0.03764373 -0.0728818   0.137567    0.18696727  0.12360115
  0.17098062 -0.18667404 -0.09319469  0.00627163 -0.10474631  0.13941064
 -0.10285895  0.09442798 -0.13991712 -0.13711922  0.12372734  0.10134394
  0.00927935 -0.16888635  0.15800025  0.0449329   0.1285371  -0.04945976
 -0.05615146 -0.05987337  0.01438377 -0.12475682 -0.04640841  0.07848062
 -0.11947514  0.08225179 
 -0.07028519 -0.07010453  0.02499211 -0.14733146  0.12607709  0.07868906
 -0.14094666 -0.04463797  0.02557269 -0.02515703 -0.01521495  0.08463761
 -0.07034513  0.09341474  0.12492491 -0.13908122 -0.080262    0.16488552
  0.05708308  0.10247376  0.11591957  0.08450107  0.08386769 -0.02028662
  0.02068072 -0.02898848  0.04429905 -0.17131189  0.14936738 -0.02731047
  0.03751962 -0.14640073 -0.16257377  0.03833028  0.12287291  0.02293883
  0.00057894 -0.09819621  0.0149874  -0.1711061   0.09561097  0.16760683
  0.1075531   0.11687253  0.02496517  0.0416702  -0.02173082  0.13266075
 -0.02854694  0.09904816  0.12358695  0.17742077  0.16069198  0.03349929
  0.11005579 -0.00093439  0.01552225 -0.01808974 -0.08824253 -0.12705082
 -0.01071917  0.05653317  0.04734112 -0.00716884  0.09050437 -0.13171822
 -0.03101594  0.03691719 -0.1457055  -0.00623762 -0.15612717  0.10765468
  0.13696142 -0.10727726 -0.05967169 -0.01140153 -0.12685938 -0.07771551
  0.00593618 -0.0426617   0.04873997  0.10256399  0.12183282 -0.02309308
  0.03918301 -0.16854757 -0.18807055 -0.03645352  0.09650966 -0.16447765
 -0.07350314 -0.09201196  0.04615421  0.06122345 -0.05883183 -0.08068583
  0.03015276 -0.16317904  0.05317703  0.03896371  0.17499527  0.07343787
  0.0206407  -0.03723428  0.06976593 -0.02323612 -0.04031389  0.13063715
 -0.16921082  0.10204457  0.18132252 -0.09171081  0.0398297  -0.05494331
 -0.01715642  0.16735892 -0.02375641 -0.09672648  0.06009081 -0.15087391
  0.0443759   0.16063741  0.16584112 -0.04523231  0.04763592 -0.04849286
  0.07356345 -0.06304695 
 -0.12092472  0.13778868 -0.04046322 -0.00830033  0.05305302 -0.02190584
 -0.11614958  0.17087361  0.08973815 -0.02233495 -0.03828691 -0.08293792
  0.03214004 -0.05083505  0.0414083   0.11228129 -0.04536034  0.15861152
 -0.09666343 -0.07136802 -0.0666268  -0.0166447  -0.19443072  0.16770391
  0.11569392  0.0543569  -0.07171936 -0.10558249 -0.15167712  0.05255546
  0.01418514 -0.04731686 -0.06297846  0.13775192 -0.00808601  0.00884056
 -0.19418949 -0.11176288 -0.1681638  -0.09243356  0.08006536  0.01775545
 -0.03556946  0.05281724  0.1473393   0.15511243 -0.09557377 -0.16182198
 -0.14261645  0.15543756 -0.16271418  0.04768767 -0.08194782  0.06566016
  0.06869629  0.01075728  0.04857941 -0.04322245  0.1435497  -0.05406336
 -0.0017279   0.19227183  0.05069416 -0.00923072  0.1835266   0.16525662
 -0.11545365 -0.05477532 -0.07811808  0.22253832  0.10780225 -0.16785173
 -0.17448972 -0.1028619  -0.17799021  0.0022212  -0.08347099  0.13535284
 -0.09282607  0.01669046 -0.15977533  0.04762277  0.1836988  -0.16438761
  0.11413755  0.1532773  -0.04335606 -0.18329619  0.03741103  0.00660439
 -0.12318687  0.17083459  0.14621206  0.215282   -0.01821521  0.0424822
  0.12352429  0.00544241 -0.1672843  -0.01134737  0.13782284  0.12251693
 -0.05569074  0.13645512 -0.01104499 -0.04405145  0.17543249 -0.1229104
 -0.034983   -0.03821485 -0.09550679  0.00378403  0.04572035  0.15477465
 -0.00670718  0.14387931  0.01515625 -0.09565119  0.09691001  0.05150481
  0.00788817 -0.07243141 -0.14662115 -0.1087664   0.01328954  0.15232365
 -0.08943526 -0.07974707 
 -0.18072699  0.00656272  0.10834005  0.09212012 -0.07739298 -0.01126113
 -0.17969017 -0.00403839  0.06633635  0.1060383  -0.11841867  0.10147493
  0.13491304 -0.00144834 -0.16900337 -0.134297   -0.10550138 -0.13569397
 -0.08155836  0.04705657 -0.1883749  -0.17749637 -0.02324034  0.03705632
  0.1230013  -0.13578133 -0.05881999 -0.06689651 -0.03091495 -0.17406419
 -0.15845379 -0.14836736 -0.01814794  0.15384677  0.09766168  0.14363827
  0.12644345  0.00777804 -0.1751096  -0.13918273  0.10427026  0.00250857
  0.04370915  0.03022209  0.13084914 -0.08972143  0.01066574  0.16738935
  0.16959271 -0.13741909 -0.18095477 -0.18436636  0.15514615  0.06945149
 -0.08494478 -0.16154118 -0.08510675  0.04700829  0.04260812 -0.01383208
  0.05905151  0.1662834  -0.04295739 -0.04718488  0.11725193 -0.01347442
 -0.13267484 -0.1740337   0.10604446  0.05820406 -0.14084567  0.08944504
  0.16687913 -0.17457654  0.05443297 -0.11468964 -0.07652477  0.05602364
  0.16167274 -0.03189129  0.06819285 -0.05797423 -0.16982059 -0.11471015
 -0.10084703 -0.07031932  0.09445281 -0.03328197  0.04895275 -0.09880636
 -0.17198494  0.18580185 -0.02169968 -0.09976146 -0.00906936  0.12810463
  0.13674767 -0.01266234 -0.14584415  0.10006299 -0.02030876  0.08880397
  0.17297924 -0.05929672 -0.06969193  0.0278503  -0.05995331  0.03708028
  0.1056509   0.03817337  0.17281276  0.04943017 -0.09661409 -0.16358802
  0.06628255  0.03079085 -0.05535497  0.06714749  0.14621623 -0.05410516
 -0.12213146  0.09430207 -0.07741011 -0.06025406 -0.1736463   0.14555882
 -0.07114919 -0.01094731 
  0.14330482 -0.10219028 -0.05480432 -0.14470883 -0.10723302  0.16955619
  0.14724682 -0.06777921  0.03059166  0.09581877 -0.1087919  -0.00805497
  0.1509699   0.09349576  0.10896175  0.14899968 -0.10831262 -0.1789501
 -0.11084409 -0.09206524 -0.06618742  0.15995166  0.05897304 -0.1156071
 -0.12490901  0.13663243  0.01419992 -0.0245897  -0.03747891  0.1669446
 -0.13786025 -0.13375531 -0.08297735  0.07734732 -0.03356092  0.12264811
  0.17415842 -0.0933378   0.09529532 -0.138457   -0.03006503 -0.16941406
 -0.14165522 -0.08376755 -0.00818035 -0.12776138  0.19231346 -0.1111315
  0.13397788  0.17246208  0.11008387  0.16626702 -0.0178636  -0.14078803
  0.01887708 -0.16368318  0.13762093  0.18725525 -0.15342146  0.00647332
  0.10236268  0.04021602  0.26202744 -0.06310656 -0.05139496 -0.09184809
  0.06697726 -0.16670462  0.11773314 -0.03141601  0.1784816  -0.10255373
 -0.0052568  -0.17159039 -0.07278769 -0.12924805  0.06524884 -0.04374655
 -0.07916667  0.0334734   0.11469471 -0.04908492  0.08278609 -0.1727552
 -0.13149254 -0.10213946 -0.04655209  0.03964717 -0.11879058 -0.03656456
  0.12996615  0.177618   -0.02837749 -0.11532304 -0.11734653 -0.16523494
 -0.064476    0.07280498 -0.20544332  0.10972141  0.16416304  0.03584041
  0.13843016 -0.14592905  0.01844518  0.01895881 -0.11972766 -0.07299543
  0.13479489  0.01077003  0.00707773  0.07938641 -0.02575019 -0.11156171
 -0.07024852  0.14563817  0.10310934  0.13113932 -0.00091074  0.16638078
  0.15035272 -0.07680331  0.18323277 -0.19405554  0.06850936 -0.11847384
 -0.14809258  0.06325591 
  0.15755841  0.04046255 -0.17900744 -0.17542285  0.02747753 -0.02900023
  0.06262021 -0.08076214  0.21156503  0.02986206  0.13984287 -0.15019017
 -0.12476149 -0.1953288  -0.04286715 -0.07124075 -0.12798807  0.08690968
  0.05463988  0.12492559 -0.04400999 -0.04802857  0.00617806  0.06560991
 -0.17587343 -0.09631639  0.07786629 -0.15064698  0.0858355  -0.17000203
 -0.14762788 -0.12156087  0.10006002 -0.10695121 -0.04058666 -0.08905998
  0.02123863 -0.07352603  0.00596217 -0.10990232  0.14218698  0.14348452
  0.03607255 -0.08325069 -0.10062882 -0.08875373 -0.15163735  0.08640405
 -0.05389696 -0.13265269  0.15949635  0.09396419  0.05258663 -0.06389814
 -0.1819953   0.15768524 -0.04591019 -0.05039654  0.03254887  0.09414402
 -0.186939   -0.14336713  0.01843912 -0.10746257  0.14270711 -0.02581852
 -0.02793697 -0.12566595  0.05599739  0.19234732  0.13361706  0.15806483
 -0.04377814  0.1398224  -0.20236965 -0.13604794  0.05886731  0.17046136
  0.10210201 -0.10297611  0.03423259 -0.07558759 -0.14408301  0.04479371
 -0.12456925 -0.13388836  0.04289892  0.00768726  0.17311038 -0.15225719
  0.09630959 -0.13449916  0.09267567  0.18008347  0.10478995  0.08558447
 -0.09278519  0.04109824  0.13040175  0.04835314 -0.1187788  -0.05384364
  0.11398754  0.16235329 -0.04393866 -0.08389809 -0.09363765 -0.12522581
 -0.01694556 -0.04502813  0.00779951  0.01718711 -0.1863262  -0.16552801
 -0.17524035  0.01077176 -0.03340177 -0.13339274  0.110288   -0.06520278
 -0.15119398  0.03277185 -0.04000878 -0.02390357 -0.14767265 -0.1446003
  0.02887361 -0.114264   
  0.08905856  0.02632852 -0.03634839  0.00753157  0.03638655  0.06759296
 -0.04024838  0.09138104 -0.11832929  0.06508175  0.1706116  -0.00646201
  0.07266007  0.14619452 -0.16616972  0.17779095  0.1286563  -0.01765574
  0.1581665  -0.03647149  0.04674494  0.06762102 -0.18702011 -0.17578617
  0.1428076   0.14376014  0.03841503 -0.18398419  0.03199545  0.02665982
 -0.10568173 -0.07637462 -0.06486287  0.06856897 -0.16986313  0.15023848
 -0.05936243  0.17735718 -0.19264306  0.0715636   0.03371664 -0.12685034
  0.04605104  0.11326125  0.15221535 -0.03414262  0.03016331 -0.10603008
  0.07786506  0.07200716  0.16053264  0.14026238 -0.1704185  -0.08505744
 -0.0718321   0.01343636 -0.13730371 -0.08354703  0.13788338 -0.13446103
 -0.04377866  0.12734267 -0.06384286 -0.18596771 -0.03122899 -0.07901341
 -0.12772629  0.16310088 -0.08540107  0.07347313 -0.02565386 -0.08358054
  0.02285003 -0.01932391 -0.16253579  0.10111146  0.15466566 -0.07153081
  0.10383867 -0.18920326 -0.03645759 -0.00503366  0.18183531 -0.13854007
  0.09455657 -0.03551057 -0.00816988 -0.14720951  0.08540394 -0.10607018
  0.08109321  0.15089433  0.18540281  0.15682867  0.1756715  -0.18044741
  0.14970154  0.12577362 -0.09177615 -0.04408558  0.15646903  0.1454298
 -0.098372    0.0616348   0.09273316 -0.04949263 -0.12445533  0.15189028
 -0.175103    0.02796823 -0.00579693  0.07983918 -0.11107791 -0.08299852
 -0.01300999 -0.16082568 -0.00986132  0.07543948 -0.04847877  0.13701029
  0.10314442  0.02596525  0.04897709 -0.13449374 -0.16803776  0.09461783
  0.13491467  0.15196243 
  0.14103127  0.13840109  0.11512925 -0.12522575 -0.11338004  0.11928982
 -0.12723586 -0.174135   -0.14263351 -0.13861723  0.00046242 -0.15870315
 -0.07962571 -0.17417829 -0.15153228 -0.02114518  0.12869814 -0.01117925
  0.05643319 -0.06619182  0.00644431  0.05896771 -0.05085575 -0.03732068
 -0.01418204 -0.04160754 -0.03048232  0.07350925  0.01597097 -0.07954404
 -0.03879559 -0.17902699 -0.02944047 -0.06645571  0.12169133 -0.01156309
 -0.17140998 -0.12800208  0.06495631  0.09905026  0.00503402 -0.00130591
  0.11831139 -0.01565802 -0.14288768 -0.17486647  0.18755156  0.05295094
  0.03928991  0.11071958 -0.09350161  0.09020717 -0.06011992  0.0793135
  0.05079541 -0.1145153  -0.1509824  -0.13624474 -0.10390941 -0.1100202
 -0.03889975  0.14749333  0.01344487 -0.12317075  0.04159268  0.16979611
 -0.18225    -0.05306449  0.13014379 -0.11008776  0.06717947  0.11725321
 -0.03434646  0.12608555 -0.00546937 -0.15473862  0.11209489 -0.17223898
 -0.01406673 -0.09904368  0.17169175 -0.08933467 -0.14586723 -0.09541961
 -0.13900922 -0.17935313  0.0069709   0.1207118   0.16143717 -0.13007739
 -0.06088719 -0.10175965  0.14630975 -0.10801675 -0.06790225 -0.17963925
  0.12738864 -0.13365643 -0.02607683 -0.1344127   0.13265711  0.13669592
  0.00542156 -0.0909126  -0.1581864  -0.09066293 -0.12920207  0.08806892
 -0.00873303 -0.14799516 -0.1843312   0.04775807 -0.00436428 -0.19627719
  0.10338845 -0.16729787 -0.10474684  0.14308201  0.14370039 -0.06405239
  0.08921745 -0.08950413  0.00118629  0.10295152 -0.05556965  0.03488934
 -0.05643379 -0.08353851 
  0.1110009  -0.06194641 -0.02939725 -0.10950203  0.05685158  0.02366318
  0.08266361  0.1449289  -0.01201298  0.16723068  0.10932963  0.09037759
 -0.07690351  0.15183316 -0.02361829  0.02664712  0.04428963 -0.08127361
  0.06845425 -0.15429182 -0.12472861  0.00064225 -0.03284274 -0.18685274
 -0.11850671 -0.01616722 -0.137121   -0.12323824 -0.10173167  0.07010036
 -0.13750882 -0.02648891 -0.01513908 -0.1636919   0.15565309  0.12844184
  0.01906661  0.05590936 -0.06674241 -0.00652106  0.07320853 -0.15300016
  0.14039221 -0.06050464 -0.0262748   0.01583767 -0.0786687   0.12738203
  0.07726466  0.01032734 -0.01882398 -0.18217956 -0.04283852 -0.06718784
 -0.12520596 -0.16843112 -0.1940028   0.11881119 -0.00804744  0.01387452
  0.14130963  0.0225213  -0.05653846  0.14795417 -0.01342527  0.11446119
 -0.03809514 -0.09997327 -0.07267268  0.17535277  0.17877632 -0.03488644
  0.09489698  0.08143178 -0.08571788 -0.03573581  0.0012614  -0.06157485
 -0.03283286 -0.18405534  0.03627982  0.06246475 -0.19494432 -0.09654391
  0.06868014 -0.14462517  0.06058199 -0.07435305 -0.17548262 -0.1421245
 -0.04258887  0.13885884 -0.11040722  0.20892747  0.09866     0.13652216
 -0.00832896 -0.05791549 -0.01628969 -0.08351917  0.1116124   0.1871306
 -0.16211449  0.02544568 -0.12035128  0.11432926  0.02156308 -0.02748265
  0.08361796  0.13395636  0.09746794  0.07352005 -0.03949078  0.05563508
  0.173454   -0.0736628  -0.14861102  0.09087226  0.02967194 -0.16950011
  0.10010128 -0.07590101 -0.01680426  0.17822449 -0.1658487  -0.17238091
 -0.11661658  0.06273133 
  3.34744863e-02 -1.18901074e-01 -1.52151197e-01  6.54222816e-02
 -4.25901562e-02 -5.25848232e-02  1.47410050e-01  4.25247774e-02
 -7.48575926e-02  7.04371780e-02 -1.16313539e-01  1.44093379e-01
 -1.82097599e-01  9.80178714e-02 -1.65512711e-01  1.44836940e-02
  1.96961593e-02  8.52517858e-02  3.55405249e-02  1.23406656e-01
 -1.54538788e-02 -1.36890307e-01 -2.08922327e-01 -1.18058342e-02
  1.03649601e-01  1.87351126e-02  1.72102541e-01 -5.42424247e-03
 -1.18771642e-02  7.75404498e-02 -8.38119611e-02 -1.87760964e-01
 -5.59401978e-03 -1.89129442e-01 -1.77865312e-01 -6.86132163e-02
 -1.73500612e-01  5.11503071e-02 -4.35776729e-03 -1.32126272e-01
 -2.74551958e-02  9.79301855e-02 -1.10824361e-01  6.59530610e-02
 -2.98226550e-02  1.47098824e-02  1.70433491e-01  1.52274057e-01
 -2.09748890e-04  4.73655052e-02  1.00922756e-01  1.75169080e-01
 -2.00784311e-01  6.37381971e-02  9.03460532e-02 -1.27525121e-01
  1.26079112e-01 -4.52613905e-02 -1.31886393e-01 -1.08329587e-01
 -1.37472287e-01 -1.53963447e-01 -8.94550607e-03  2.55752765e-02
 -1.48576275e-01 -1.46555722e-01 -5.21360477e-03 -1.57340411e-02
  6.58818930e-02  1.90458313e-01 -1.47902012e-01  6.28225058e-02
  1.61367580e-01  1.55270189e-01 -1.71434596e-01 -1.33277953e-01
  1.61306694e-01 -1.26850158e-01  5.02496809e-02  1.33363605e-01
 -3.68078984e-02 -1.23780087e-01  1.76930472e-01  1.37116894e-01
 -2.20123027e-02  1.54574797e-01  5.89134656e-02  3.32664102e-02
 -1.34432586e-02  5.75555786e-02  8.00367221e-02 -1.30773649e-01
  1.50425181e-01 -6.51484802e-02 -1.65945828e-01  7.48019665e-02
 -1.80337336e-02  8.11497718e-02 -9.58580747e-02  7.82008246e-02
 -1.11312672e-01 -1.06111050e-01 -4.19475883e-02 -1.23232462e-01
 -1.74174294e-01  1.69334829e-01  3.00329160e-02 -1.81075662e-01
 -1.98287461e-02  1.41164318e-01 -6.35637417e-02  3.05813272e-02
 -7.80097991e-02  1.51630029e-01 -1.93578869e-01  1.38345823e-01
 -6.69452250e-02  1.04220144e-01  8.42130631e-02  8.25119838e-02
 -2.13548094e-01 -1.29805416e-01  3.27940509e-02  1.48745015e-01
 -4.42004204e-03  1.92201529e-02  5.62165268e-02  1.52744323e-01 
  0.03111187  0.00599076 -0.20070294 -0.14518689  0.13163082  0.14990307
 -0.07601227  0.10517391  0.06615862 -0.1157898  -0.06411433  0.17288256
 -0.05456565  0.09177869  0.18500033  0.08996791  0.1594685   0.07264505
 -0.06293689  0.1559685  -0.08276893  0.18388668 -0.06210752 -0.16853966
 -0.11055631 -0.08297069  0.16164553  0.13013703  0.05425565 -0.13926713
 -0.1678254  -0.15142538 -0.03663772 -0.17396161  0.14360555  0.12128338
  0.11624798 -0.00905984 -0.12512721  0.10894337 -0.06006145 -0.09410017
 -0.150176   -0.14905323  0.15122011 -0.16132805  0.1515815   0.07893098
  0.13168687  0.02989698  0.02110114  0.12354369  0.1152517   0.00990475
  0.04206655  0.14553672  0.00212351 -0.06382816 -0.04127477  0.10481573
 -0.08185196  0.08593974  0.2663511   0.04126118  0.11317411  0.01495138
  0.01149051  0.1143321  -0.09254319  0.17086715 -0.05965953 -0.186469
  0.06221816 -0.00477321 -0.015321   -0.11308553 -0.14195374  0.06238919
  0.01671287 -0.08941057 -0.15864423  0.03433285  0.00952702 -0.07357866
  0.01831685 -0.07516433 -0.05221284  0.02258987 -0.03037866 -0.0226623
  0.06099117 -0.13485704  0.18026994 -0.08675405  0.08524818  0.16591299
  0.03112083 -0.14290084 -0.09503132  0.12977679 -0.01878062  0.15334354
 -0.11537633 -0.07912378 -0.08726314 -0.03184967 -0.11792281 -0.03157398
  0.05311344 -0.17739554 -0.0400387   0.06549557  0.09177066 -0.10517137
  0.01075577 -0.12658718  0.06835049 -0.20012777 -0.03396641  0.16955906
  0.12287834  0.03537901  0.09056675 -0.05487246 -0.02740878  0.15437776
 -0.09336668 -0.03032732 
 -0.1583546  -0.12348591  0.05627775 -0.18334357 -0.06849688  0.11801042
  0.06227074 -0.1481448   0.16258506 -0.19953544  0.13666528  0.14517751
 -0.20129849 -0.11567412 -0.01094901 -0.10866158 -0.09150991  0.18475872
 -0.00299335 -0.03950845 -0.17448606 -0.04776016  0.10366556  0.07731345
  0.11214336  0.09534148  0.09008721 -0.14895849 -0.0540923   0.13260683
  0.10868491 -0.0466483   0.1627766   0.05208691  0.01983077 -0.16864674
  0.08555194 -0.12286483 -0.02264475  0.12935217  0.03136511  0.07791669
 -0.02678829 -0.0148451  -0.15241267  0.07248159  0.01840709 -0.14688796
  0.04114021 -0.03754419  0.13128582 -0.15628885 -0.20077682 -0.09400532
 -0.13302936  0.16414069  0.14344437  0.03980776  0.0486993   0.10398557
  0.0247382   0.15108056 -0.00791245  0.03641484  0.13998875 -0.15878057
 -0.16395843 -0.03670117  0.16660912  0.00701339 -0.11482585  0.00210136
  0.07607308  0.1002868   0.06933329 -0.16766256 -0.03921197  0.05862935
  0.11496474  0.08373141 -0.18951538  0.00540873 -0.11715647  0.16539212
  0.08721091 -0.11817878 -0.18113457  0.08988584  0.07205777  0.16922985
  0.0261317  -0.08538327 -0.05123289  0.1385101  -0.19332913 -0.10891501
  0.17249532 -0.041163   -0.16845629  0.12104624  0.06667642  0.03844319
 -0.13329384 -0.1518904   0.06482698 -0.00301605 -0.17975384  0.0181558
 -0.09586808 -0.12185097 -0.02303937  0.09407505 -0.03684891 -0.06957505
 -0.08655476  0.07623762 -0.08264047 -0.04837686  0.05661696 -0.17438647
  0.1076046   0.15253344 -0.1381849  -0.17814586  0.07886466 -0.07929459
 -0.14704625 -0.03139163 
  0.08194735  0.05299218 -0.10831071  0.13014178 -0.16693994 -0.05061123
  0.12767655 -0.1198329   0.18862846 -0.06386381  0.08055048  0.07463337
 -0.1800734   0.11081155 -0.09701875 -0.18981522  0.1793655   0.07668326
  0.04416791  0.15849239  0.14531529 -0.02229101 -0.16388668  0.00146998
  0.10400742 -0.10592104 -0.02689147 -0.19377509 -0.03561804 -0.09117993
 -0.03973496  0.06358271 -0.05391999  0.14473438  0.07609491  0.13683285
 -0.0942301   0.00986074 -0.13049074  0.14270742 -0.07462521  0.15926917
  0.13637108 -0.07130173  0.16406086  0.18656188  0.02160695 -0.11181457
 -0.08058624  0.18038633  0.10835854  0.13692385 -0.1765909   0.11631951
 -0.16281544  0.08680121 -0.14240487 -0.15467001  0.06865248 -0.05882687
 -0.17772532  0.10792807 -0.07925105 -0.17955558  0.10235008  0.09112772
  0.12356455 -0.16929936  0.06015305  0.02587706  0.1274449   0.15755364
 -0.11893637  0.06060665  0.02342615  0.08009756 -0.09370632 -0.17751244
 -0.04252274 -0.16288409  0.12583268  0.05031912  0.10937176 -0.18214329
  0.04035566 -0.14394727  0.15368876 -0.00592166  0.04585846  0.19341144
 -0.01107265  0.08895525  0.15596001  0.1950981   0.06490053  0.07254376
 -0.16932338  0.09237126  0.03711674  0.09082341 -0.07812536  0.07925284
  0.06612153  0.00558767  0.14789183  0.17051506  0.02484063  0.01975867
 -0.09953389 -0.09504933 -0.18454172  0.14933115 -0.05795285 -0.07317378
 -0.17964867 -0.08820422 -0.01418686  0.01983981  0.06268945  0.00419759
 -0.03223203 -0.10737416 -0.07162099  0.12919138  0.14310502  0.00949702
 -0.11829352  0.09386759 
  0.08697262 -0.11524381 -0.13967352 -0.14328808  0.14059652 -0.14080824
 -0.01759917 -0.11737673  0.11998182 -0.12786064  0.05599899 -0.00177145
  0.08674886 -0.14095384 -0.04215834 -0.07823905 -0.05975137  0.09633081
 -0.05478274  0.02484237 -0.15732871 -0.03422448 -0.13238595 -0.18798123
 -0.17908771  0.09812779 -0.04863543  0.06775369  0.0991017   0.12374005
  0.01169335 -0.1568592  -0.0204647  -0.07295812 -0.09192137 -0.07258369
 -0.14494468  0.15631068  0.07420496 -0.07852843  0.1016352  -0.0439037
 -0.03637077  0.0039908   0.16336726 -0.18333577  0.11105965 -0.12296879
 -0.03720473  0.11987393  0.14529912 -0.06084088  0.14214583 -0.13450557
 -0.03565435  0.07829558 -0.05087517 -0.05766879  0.05331026  0.08445494
  0.11993511 -0.02151219  0.06968411  0.12042315  0.14522189 -0.0834504
 -0.09058567  0.01303168  0.12386924 -0.13428868  0.1658998   0.05609679
 -0.01434241 -0.04328233  0.07671913  0.061395    0.15478261  0.08042362
 -0.04245218 -0.14535508  0.1451626  -0.06248332  0.02936209  0.09774259
 -0.12950334  0.03255304 -0.07661004  0.00958583 -0.00643454 -0.157013
  0.09184197 -0.13887838  0.08758774  0.11395818 -0.03567551  0.1669245
 -0.08178515 -0.02019624 -0.18583599 -0.075349   -0.119784   -0.05870473
 -0.13236117  0.098294   -0.12412613  0.00047655 -0.01841424  0.08283655
 -0.14410257 -0.17283969  0.16655542 -0.0990823   0.15699977  0.14608613
  0.1510628  -0.11594319 -0.11346576  0.08585446  0.16328333 -0.1376401
  0.10792159  0.10420719  0.10929978 -0.02680375 -0.18565321 -0.02301537
  0.00606749  0.16175961 
  0.04449262  0.15366     0.11288545 -0.0531236   0.09185705  0.11867847
 -0.16570678  0.04467412  0.03789037 -0.07358477 -0.1801437  -0.10045002
 -0.18269797 -0.02968779  0.04083043  0.12527712  0.16191252 -0.03089918
  0.08252974 -0.02117636 -0.15668601 -0.02249463 -0.15019275  0.12072514
 -0.00674928  0.04454999  0.08110011  0.08188412  0.04319314  0.09184755
  0.08330254 -0.03714711  0.12980641 -0.10278472 -0.11025934  0.02073033
 -0.18779822  0.10449119  0.06094224  0.09557797 -0.00089241  0.09871284
 -0.18093099  0.03132406  0.10572849 -0.17754093  0.12281946 -0.04689718
  0.05627018 -0.05470112 -0.14574532 -0.03733132  0.1255422  -0.13733901
 -0.1628114  -0.05385455  0.04024041  0.15330793 -0.15207389 -0.07367834
 -0.04873149  0.19114755  0.07105467  0.12109262  0.16238926 -0.01400765
  0.02899786 -0.01492264 -0.08171452  0.04881185  0.13484296  0.07583508
 -0.01699228 -0.06780541  0.10624066  0.10339528 -0.14165811  0.10637096
 -0.20250775  0.0885632  -0.03513828  0.18171053  0.02146795  0.13231349
 -0.19728409  0.07541668  0.14735323 -0.1602756  -0.06710624  0.12241534
 -0.01609431  0.01793012  0.02862753 -0.0452611  -0.0685837   0.12900308
  0.17040114  0.0689119   0.11313901 -0.01621895 -0.15881398 -0.06006747
 -0.0623719   0.10118341  0.05064119  0.1427921   0.16997947  0.10445129
 -0.01759783 -0.00633962 -0.07187853 -0.14331071 -0.10464494  0.05853272
  0.068274    0.02822322  0.143778   -0.20359422 -0.05832612  0.04066168
  0.03376267 -0.15540689 -0.02571922  0.12550399 -0.07826566 -0.15576267
 -0.08466432  0.09751637 
 -0.18525186 -0.11472703 -0.06603235  0.11431064 -0.02399337 -0.09564863
 -0.01534201 -0.0764211  -0.07311345 -0.12621899  0.1739971   0.14530785
  0.03930879 -0.18960045  0.13732964 -0.00367818 -0.07811513 -0.083978
  0.1384037   0.10210484 -0.14801872 -0.127479    0.05949071  0.03691719
 -0.11763264  0.05816253 -0.02064734  0.11807532  0.10079107  0.03461261
  0.09637862 -0.10453824  0.00304982  0.08088762  0.13927244  0.08180384
  0.11081141 -0.08386177 -0.02496786 -0.17883642  0.0288842  -0.04566984
 -0.04801831  0.13642848  0.08103547 -0.01535141 -0.10871068 -0.18049484
  0.01930353  0.11817352 -0.18061812  0.09249048  0.01093309  0.0987705
  0.1783377  -0.181956   -0.05364471  0.1325093  -0.0392487  -0.17247067
  0.15296979  0.1932431   0.08041703 -0.10213756  0.08986464  0.03872661
 -0.10325034 -0.09115689  0.19147412  0.16490686 -0.10151424 -0.083258
 -0.01740316  0.02946373  0.13051191  0.01094495 -0.00961215  0.10662011
 -0.11770682  0.15017857 -0.11487037 -0.14341286  0.07172769  0.11703076
  0.15452926  0.09066788 -0.15438737  0.04663753 -0.13164176 -0.02201153
 -0.13980372  0.10595742 -0.11846744 -0.12899366 -0.09195216 -0.02111354
  0.09827682  0.0320829  -0.12168024  0.11820833  0.09855019  0.06798833
 -0.14037143  0.0658696  -0.17260468  0.18563992 -0.00877565  0.09149742
 -0.17493834  0.14824441 -0.16827807  0.10577163  0.1714884   0.047197
  0.1071865  -0.08095754  0.15506767  0.11623459 -0.03024073  0.07447018
 -0.07672391 -0.02894289 -0.12042113  0.03187059  0.04048174  0.07275146
 -0.1397436   0.06491872 
 -0.17230295 -0.16514663  0.01166362  0.16365153 -0.05879556  0.03775599
  0.08527678 -0.0979887  -0.02528821 -0.07088082  0.0591633   0.01757243
 -0.01401037 -0.08098359 -0.08988689  0.1465088   0.04262747  0.00101073
  0.14764543  0.10509597  0.15585004 -0.03767005  0.00571544  0.02461932
 -0.00801126 -0.13580139  0.02689116  0.09564097  0.03382216 -0.14818607
 -0.11248945 -0.15328693  0.06966509 -0.04155907  0.01608237 -0.01975657
 -0.1393565   0.12915245 -0.05223558 -0.03602394  0.10770262 -0.07432432
  0.15894999 -0.04793661 -0.14336497 -0.01513518 -0.00864965  0.10621738
 -0.0419465  -0.09644192 -0.04720741 -0.00154253 -0.08183224 -0.01886509
 -0.15860334  0.05807282 -0.08609687 -0.17967899  0.02961847  0.12494376
  0.06557471 -0.11258064  0.04286252 -0.12525277 -0.09010464 -0.13839027
  0.0422768  -0.19484401 -0.15015511 -0.00079454  0.05792638  0.12572247
  0.16249494  0.1500266   0.15151821 -0.03918856 -0.12026652 -0.13338993
  0.0914895  -0.12203448  0.07445502  0.20004612 -0.04697622  0.1448312
 -0.15641977  0.15579994 -0.06113346  0.149202    0.08804784 -0.10204571
  0.03510002 -0.16102135 -0.01978619  0.17504257  0.13507654  0.10923119
  0.15446948 -0.02717197 -0.15355745 -0.00775061 -0.06161522  0.00073901
  0.10930365 -0.00846696  0.02246078 -0.05285718 -0.08977317  0.15971522
 -0.15102215  0.17004576 -0.02884662  0.12483852  0.12811792  0.07751437
  0.17831835 -0.18206947  0.11482854 -0.01053438 -0.03671723  0.04019138
 -0.05773519 -0.17250237  0.11879788  0.1627025  -0.12313209 -0.05762446
 -0.06319272 -0.12662941 
 -0.0216983   0.04914252 -0.07738033 -0.15096414  0.11314368  0.07987654
  0.02587199 -0.13008007  0.11529151 -0.07141078 -0.06927698 -0.04976909
 -0.19600685  0.13872777  0.00187247 -0.0945186  -0.06974133 -0.02010314
 -0.11062261 -0.06091175  0.16574608  0.04982942 -0.09749923 -0.07344618
 -0.15661065  0.12515138  0.16166364 -0.11070578  0.00353367  0.17821415
  0.04716386  0.02429732  0.0240383  -0.2121588  -0.08233868 -0.17784724
 -0.04133817  0.179263   -0.16979647 -0.12392201  0.14512855 -0.15502605
 -0.1568015   0.00136044 -0.01530989  0.01729833 -0.14030838  0.13152976
  0.11895341 -0.13788798 -0.01790111  0.08555139 -0.13654453  0.08056188
  0.03036431  0.12867802  0.08241102 -0.1568427   0.11637861 -0.14182802
 -0.11507846 -0.02905363  0.2542217  -0.02004023  0.01590615 -0.18712403
 -0.00600113 -0.0096594  -0.00595454  0.0566556  -0.14658493 -0.15507488
 -0.08768984 -0.02056179  0.04915739  0.13228147 -0.00457997 -0.14688475
  0.09628592 -0.03601057 -0.11855314 -0.13702822  0.00307899  0.0314648
 -0.17924541 -0.09367989 -0.1877273   0.08847351  0.09231716 -0.15526702
 -0.18786216 -0.11784864  0.0883757   0.1426939   0.00996286  0.15601043
 -0.15772586  0.04878285 -0.0631249  -0.18055184 -0.10084163  0.00592029
  0.0201961   0.05240611 -0.07884432  0.03515999  0.09398189 -0.038326
  0.1661872  -0.19716436  0.15479524 -0.11731613  0.13267973 -0.06317607
  0.06910162  0.02516164 -0.14240646 -0.12737839 -0.09520372  0.16657194
  0.06083538 -0.05252998 -0.01920036  0.03398615 -0.16778728  0.07951801
 -0.19397698 -0.16650486 
  0.08890034  0.1913055   0.11470795 -0.11532267  0.04602795  0.0343164
 -0.08686621  0.05946777 -0.00714739  0.03228221 -0.127821   -0.09512553
  0.043174   -0.19014953 -0.01742951  0.1613384   0.13354254  0.06270998
  0.05780891 -0.14298046 -0.16158526 -0.02340186 -0.10170035  0.16758262
 -0.1452893   0.02359547  0.0298792  -0.00721775 -0.18217143  0.10768529
 -0.07601324 -0.08829758 -0.04126639  0.00520121 -0.06908425  0.11379454
 -0.15161216  0.1382441  -0.04314815 -0.05239436  0.06972477 -0.05102227
  0.00580899  0.05027796  0.04967133  0.10489356  0.06393667  0.16423312
 -0.02848443  0.05814114 -0.1715621   0.13336046  0.11864842  0.08794175
  0.00368437 -0.15275112  0.13444225 -0.00303295 -0.05057091 -0.12784088
 -0.1425968   0.1783541   0.21842754  0.13753837 -0.01194866  0.12579176
  0.14245501  0.12985268  0.12074908  0.17363778  0.1465208   0.01892737
 -0.08264084 -0.12416395  0.04708733  0.12660651  0.10934444  0.04103731
  0.00885723  0.17315009  0.00447254  0.00625447 -0.09996013 -0.07615786
 -0.11673401  0.18596815 -0.05204201  0.12933125 -0.03215894 -0.15022404
 -0.00545984  0.16835052  0.14009002  0.1855648  -0.046421    0.10634492
  0.00774916 -0.06316104  0.00601683  0.07950898  0.11676306 -0.14975706
  0.1418082   0.06240705  0.04490807  0.09378637 -0.04895625 -0.12577303
 -0.11043356  0.04754738 -0.14060076  0.1560966  -0.09908025 -0.16481915
 -0.02990544  0.11641448 -0.1469214  -0.19952305 -0.04319536  0.03946025
  0.14547728  0.11974423  0.00074565 -0.18439633 -0.06635518  0.05331931
 -0.01280128  0.11771739 
 -0.01269365  0.00024719 -0.02372716 -0.00484702 -0.01418565  0.00289071
 -0.009092   -0.00707366  0.04422789 -0.02771396  0.00847857  0.00334594
 -0.02078189 -0.01952577  0.00227856 -0.00435333 -0.01020942  0.01275676
  0.00053458 -0.00405173  0.00206924  0.0031917  -0.02844028 -0.0076466
  0.00549577 -0.00776275 -0.01309561 -0.00786627 -0.0147036  -0.00094987
  0.0439737   0.00020125 -0.01195828 -0.02411441  0.00147985 -0.01582802
 -0.00881186 -0.00411635 -0.01524237 -0.02964609 -0.02714864 -0.00926675
 -0.02616918 -0.01862993 -0.02243292  0.00070432  0.00445529 -0.0039938
  0.03043522  0.00747005 -0.0062717  -0.00613303 -0.02360721 -0.00755258
  0.00072403 -0.01234273 -0.02915036 -0.00433052 -0.0135287  -0.03588489
 -0.01520643  0.03552495  0.10911565 -0.01653168  0.02504425 -0.01269373
 -0.01189572 -0.01316972  0.00341739  0.05045192 -0.00379799 -0.03092528
 -0.01635388  0.0019339  -0.01665443 -0.02092196 -0.00768893 -0.01470382
 -0.02516113 -0.01363225 -0.00679685  0.02527392  0.00044887 -0.00429747
 -0.01742637  0.00168566 -0.00572028 -0.0125964  -0.01055939  0.00172082
 -0.02419716 -0.00663789  0.0568068   0.05186391 -0.00730572 -0.01247243
 -0.01013909 -0.00581924 -0.0009416  -0.03864935  0.01124085  0.00563479
 -0.00906976 -0.00479041  0.01806124  0.0445888  -0.01314378 -0.0072603
 -0.01051866 -0.01440943 -0.00679119 -0.00771372 -0.01770966 -0.01565344
 -0.00521736 -0.0093703   0.01757483 -0.02021937 -0.02497664 -0.00712593
 -0.03350776  0.01718186  0.00905899 -0.0055375  -0.001132   -0.01001972
 -0.033568   -0.02189304 