 0.17417714 0.05113699 
  0.15905307 -0.16085242 
 0.08159906 0.20152603 
 -0.05336606 -0.02306398 
 -0.01735377 -0.03156362 
 -0.0412082  -0.11542741 
 -0.01040625  0.15541638 
 0.1701194  0.16927983 
 -0.03052176 -0.06378766 
 -0.01356424 -0.1510807  
 -0.04304172 -0.07441854 
 -0.03891319 -0.18296815 
 -0.12613489 -0.03687244 
 0.16956635 0.14011553 
  0.16022265 -0.16637208 
  0.07789782 -0.00779138 
  0.08149097 -0.11690909 
 -0.0193252  -0.18900716 
 0.1469861  0.08384891 
 -0.11312467 -0.11359901 
  0.07022835 -0.00588561 
 0.20324872 0.1538318  
 -0.11965545 -0.01906922 
  0.11267619 -0.14009985 
  0.09864898 -0.08725692 
 -0.18925574 -0.18133026 
 0.1070339 0.1422123 
 -0.1691952  -0.05651881 
  0.02969023 -0.0204892  
 -0.20625757 -0.18163176 
 -0.04825892  0.01283159 
 -0.08933058 -0.09020295 
 0.05075518 0.05046605 
 0.08753803 0.03539258 
 -0.02155204  0.15992811 
 -0.04285219 -0.16897939 
 0.08519261 0.16753353 
 0.19208477 0.11616208 
 0.17999363 0.18848675 
 -0.13970278  0.05667104 
 -0.10041607  0.17040005 
  0.03023961 -0.11929163 
 0.01699299 0.10588608 
  0.01151104 -0.03487053 
 0.06551607 0.11867436 
  0.14945571 -0.04441076 
 -0.12128979 -0.12090178 
 -0.04663394  0.03250125 
 0.13804689 0.13732445 
  0.06634501 -0.19097945 
 -0.13790788  0.01565621 
  0.05885547 -0.05969593 
 -0.15894647  0.19519395 
 -0.03417117 -0.02200262 
  0.16414103 -0.05311611 
  0.15600659 -0.08491834 
 -0.02846676 -0.16815776 
 0.07143722 0.05347229 
 -0.13129245 -0.11311871 
 -0.04128369 -0.15149762 
 0.05183681 0.05052007 
  0.08660029 -0.1203623  
 -0.07895701 -0.07990453 
 0.03540085 0.02891222 
 -0.01268849 -0.03146421 
 0.01807946 0.19803464 
 0.03538425 0.03265388 
 -0.09361324  0.02701185 
 0.17055462 0.0360865  
 -0.03348528 -0.01026314 
 0.01020199 0.11733608 
 0.09880611 0.12351735 
 -0.17649625  0.05054845 
 0.0221609  0.01233495 
 0.17406064 0.07224856 
 0.08248635 0.07735001 
 -0.09157041  0.16169524 
 0.04183907 0.12291495 
 0.12172374 0.15216859 
 -0.14346635 -0.03064462 
 -0.08030684 -0.08136953 
 -0.06316825  0.18142326 
 -0.14021958 -0.01799658 
 -0.09320226  0.00447217 
 0.17696421 0.11833202 
 -0.03498282 -0.04325157 
 0.13948023 0.14736968 
  0.04927639 -0.04561455 
 -0.06614435 -0.00848257 
  0.05364321 -0.20075172 
 0.18987003 0.19255197 
  0.10402583 -0.09443216 
 0.19657357 0.07140087 
 -0.12794368 -0.1785205  
  0.08170529 -0.10776214 
 0.07501166 0.028204   
 0.19788356 0.06000611 
 -0.15089206  0.03527926 
 -0.07088936 -0.06979798 
 -0.12469834  0.00456677 
 -0.04104399 -0.04239928 
  0.04294579 -0.13330045 
 0.01203349 0.04933184 
 -1.1247954e-05  9.5558971e-02 
 -0.0962856  -0.09145691 
 0.12536514 0.12572002 
 -0.14640667 -0.17646961 
 -0.06120465 -0.06209163 
 -0.0344104  -0.04407677 
 -0.13998851 -0.14135459 
 0.0557605  0.07623817 
 -0.19171034  0.08654833 
 -0.14297424 -0.14443946 
 -0.00636632  0.14555945 
 -0.18655786  0.06545496 
 -0.04727333  0.11122999 
 -0.18945418  0.10296594 
 0.05860957 0.0849609  
 -0.06677389 -0.10814855 
 -0.17005888  0.06427298 
 -0.07059712  0.15768811 
 -0.08125169 -0.15417227 
 -0.10775016 -0.11007139 
 -0.17943783 -0.19388242 
 -0.18615508 -0.08152945 
 -0.02863573 -0.12492695 
 0.06804081 0.01425859 
 -0.09866248 -0.02266778 
  0.01943229 -0.01943229 
